3093
7592
2114
6430
6827
4965
2977
5086
7264
2556
7551
3855
7605
6589
4151
7631
7128
7923
3183
4717
4834
7519
4758
2215
8130
6475
3442
7374
4240
7700
3235
7581
5812
3285
2060
3750
2608
3431
3755
4526
2507
7525
7174
7778
4328
3319
7344
6906
4214
6397
3460
2468
5681
5374
7042
5220
2977
2089
6936
5778
8073
4349
6699
6845
3195
4532
7846
4607
2546
5357
3961
8177
5120
4786
4422
4057
2705
3975
7504
6752
6591
4349
3565
2409
6423
6285
3430
5487
4461
7368
2564
5158
2428
7431
6365
2884
8056
4111
4167
7305
3087
3023
5716
2806
5421
6773
7391
3186
7799
4221
5463
6667
2675
4859
7753
3523
4134
5092
6962
2192
7286
2096
6901
2072
3177
6755
5570
4516
7444
5668
3312
3541
5465
7997
3748
2661
5163
4916
5706
3728
2892
3073
2628
2650
6482
2409
6241
3490
5101
7954
7351
4287
3420
2625
6548
7714
4408
7880
3793
5533
7808
2484
7089
7610
5959
6862
3120
5199
6899
3288
3311
5600
7047
2002
3647
3118
2724
6781
7100
5782
7995
5785
2853
3037
4231
3410
5064
6299
3225
7320
4651
6837
6659
4911
5033
3296
6528
7259
6809
4355
6011
7096
2509
2988
7808
6730
5778
4997
3481
4097
2595
8136
4770
2583
2059
5681
5951
8012
6162
2876
4180
4041
6136
2278
5844
4940
4536
4952
3286
7780
5095
2945
7549
2318
6629
2067
3703
5935
5978
7026
7465
3747
4613
3448
6329
3933
5273
5308
7380
6959
3050
3851
5977
6564
6815
5216
7141
7229
7815
6153
5992
5937
7433
3826
2296
2632
4086
5942
6909
4946
5322
4418
6220
2091
5699
8108
7120
5474
4537
4780
2814
4315
5023
4595
5032
6393
3192
6889
6925
2504
3942
5371
7054
6130
3487
5437
3996
7792
6457
5779
7816
8011
2816
5703
7155
7259
3853
2670
3711
4432
2201
3443
5053
2615
3802
7137
2545
5456
3853
6547
4139
6534
6917
5974
3664
8142
5658
6258
3264
7180
5974
6508
4265
5002
7780
7920
3412
2818
5170
3581
8086
4917
4753
2449
4690
5533
6298
6903
7164
7265
5579
7885
5625
2583
4322
4723
6662
4479
2994
3017
3046
2820
2092
3785
5080
2438
4439
3717
6664
2703
7931
5618
3373
3763
2426
2965
6387
8139
2744
5980
5754
8051
6605
5776
6622
2490
7776
5041
5104
6931
3742
6651
5317
2306
3259
2592
3502
3096
6825
2591
6352
5155
6111
6683
7588
7352
7291
6199
2338
7514
5635
6048
2361
7399
7529
3971
3170
5065
6909
7281
6126
5843
7863
3311
2221
5500
3013
6611
7313
2473
7409
6981
3346
6014
8007
6042
5459
4156
3661
7175
4133
4538
7252
4820
2283
7349
6863
8030
2741
2282
5650
5185
6585
4646
4388
3990
3534
3668
5647
6714
5155
3846
5440
6071
5520
3127
6106
3423
5099
7265
2120
4494
7334
7427
7971
5799
2326
5325
7256
3161
2103
7622
5414
7132
7247
2158
4190
7295
5665
5144
2316
2203
8178
6754
3405
4126
5609
4344
3657
6113
3466
4757
4963
2098
4764
6036
2119
3217
4956
5639
3068
6485
4129
2037
5977
2487
7465
5849
8085
5674
2284
2569
3793
4376
3984
7884
3497
4553
7780
8015
4060
5928
6738
3130
7991
4846
3342
4654
2752
6835
6812
3554
5194
7697
5417
3047
4605
4116
7840
4408
4192
3991
6464
3014
3281
2857
3556
7275
5819
8136
6371
5662
6410
4012
3737
3366
5811
7871
3694
6042
3584
3844
3117
7423
3842
8038
5136
2740
5783
3210
5786
3147
4239
4487
2845
3161
5634
6332
6725
5656
5748
7707
3613
7642
5523
6406
2241
8034
2472
8119
3707
3461
5548
2292
8049
6815
5758
5226
7687
5843
4394
6489
7937
2762
4595
4113
6996
7024
3436
4483
5709
2675
3668
5875
4306
3318
5208
3677
3304
5325
7030
6981
2965
3714
4407
4491
2495
3487
3195
5863
2332
2285
2540
5202
5339
7301
3972
3397
6051
2052
8024
6053
6371
7532
5866
6159
4314
5321
5865
4585
7464
8049
2548
3226
3620
6768
3143
5250
3127
3450
4948
4189
3937
5266
7781
6107
5867
2240
6365
4091
4489
4585
2587
4142
2954
2106
5542
2523
2759
7516
7505
7896
7813
7601
5203
2450
3377
2580
2792
6627
4282
4232
3879
5769
8084
8195
7436
6700
3817
3291
7903
5720
7539
3114
7204
3100
6064
5087
2652
5834
3268
5733
2781
7728
4301
2135
2285
4438
8091
7380
7964
5202
2935
7280
2603
7632
8062
4019
7695
4406
8077
5742
6235
6942
4727
4163
6949
6893
6317
4700
2271
6692
2117
3232
2281
7293
3335
5065
2301
4521
5804
6728
7915
6231
4663
5213
3438
2143
4808
3058
4455
2096
6719
7528
4217
3823
3654
8189
5085
3289
7866
6420
4142
2555
6267
4132
3607
7815
5002
2158
7411
5305
5723
2433
8077
7787
6611
7720
6754
3487
3803
6799
4132
7315
4774
7946
4185
8177
4527
6823
2139
7759
6151
4676
2161
2197
2014
7268
5157
3685
2447
3574
7727
6552
2593
6950
7611
7310
6050
8145
2638
2630
2263
7883
5975
6607
3866
7651
5291
3277
3700
3241
7409
7681
7371
4998
2104
7114
2797
2645
2597
3705
4901
4001
5241
3404
4133
5312
2043
5144
5709
2062
3690
3628
7715
3421
5598
8020
4876
3331
7935
7643
3426
3300
2654
3965
6351
8073
4795
3556
3160
7753
6558
2769
3125
7456
6730
7630
4472
2062
2766
7201
3140
5009
5158
5923
7024
7373
6514
3905
6172
3666
3133
6819
3003
5799
4097
3092
7802
7086
5210
5922
7960
4687
4568
7518
7503
6018
7816
7781
3641
7088
7804
3696
7550
6417
6178
5209
7998
3611
6835
8120
6249
8065
3518
2101
2303
6914
5732
3814
4165
2780
5773
8035
7589
6560
7091
6256
3770
8192
5372
3731
5786
3726
7118
3686
7908
5943
6262
2303
3083
4384
7242
7319
7292
3999
7904
2568
6205
2837
5014
7787
2199
6995
2188
3536
5414
5259
5918
4358
6126
4344
7255
2238
6784
6353
2994
2324
3069
2809
3506
4037
4802
6019
2141
6999
8077
7764
6621
4693
5126
2201
8167
6298
7025
5467
7343
5353
8044
4216
7812
5674
4124
6572
5735
3679
4861
4560
6490
4735
5314
2929
4327
2867
3217
2220
2678
2288
2202
6889
2747
7428
7762
5685
6279
5044
4419
2125
7910
6734
4062
3344
6162
3682
4276
7068
6734
6454
7681
6579
2892
3018
2250
3815
7547
7001
2265
3540
4860
4490
7326
2661
6812
7749
2144
6914
8070
2890
7748
5792
6874
4278
2125
6129
7561
4503
3485
3814
5018
6115
5779
3827
3986
5468
4670
4338
5247
7630
7353
8170
3726
6572
6695
3928
4022
7752
7880
4854
2693
4266
7501
5388
7569
5906
3497
8109
3465
7425
6776
5892
4573
5997
4436
4590
2859
5556
2230
4730
5820
4604
7634
3686
5750
6175
7614
3171
2075
3148
4420
5588
4898
5876
4029
3594
6612
7827
4713
4860
4730
2240
5133
6909
3534
5694
6868
6543
2263
3219
3337
3919
6504
7321
7899
2504
7571
3843
7778
7525
7274
6275
2785
8137
3670
7330
2269
6217
7172
3399
2885
2605
7077
4675
7395
5370
2180
8148
8002
5627
4877
4833
4127
3962
6661
5501
2013
7321
3093
7456
4140
3326
6778
6251
3074
3575
5626
4066
7284
3593
3927
7934
8102
4048
2592
6796
6594
7338
2913
4592
2470
5772
2655
8174
2657
3842
7793
6386
7447
3144
2084
5662
2643
3071
2293
3516
6852
7813
7548
7701
3027
5123
4311
6434
8020
5733
3660
5337
2987
5173
5844
4674
4081
6513
6076
5057
3311
5671
5558
8167
6818
3358
4480
5949
2288
4678
3842
7168
5634
4011
4381
5315
4578
7398
2835
7617
2374
2453
2202
7035
6718
4996
5237
3665
3315
6531
7820
5268
7960
4057
3059
3523
3710
7194
3049
5436
4866
5638
4993
3982
6570
7242
5142
2828
2368
5706
4995
4957
3005
4975
6000
2929
7690
3653
2804
2855
5395
4521
7567
7325
7101
5601
4647
7087
7586
5060
6423
3252
5226
5692
7634
2661
7652
3385
4606
7296
7326
2896
5134
5012
8161
5483
7704
7333
3032
4659
5937
7754
7282
3651
4030
6453
6422
4967
2628
3179
5479
6876
7202
6757
3672
6818
